29,83,1,0,0,0
29,78,1,0,0,0
29,83,1,0,0,0
29,83,1,0,0,0
29,78,1,0,0,0
29,83,1,0,0,0
29,83,1,0,0,0
29,83,1,0,0,0
29,83,1,0,0,0
29,83,1,0,0,0
29,78,1,0,0,0
29,78,1,0,0,0
29,73,1,0,0,0
29,83,1,0,0,0
29,78,1,0,0,0
29,78,1,0,0,0
29,78,1,0,0,0
29,78,1,0,0,0
29,78,1,0,0,0
29,78,1,0,0,0
29,83,1,0,0,0
29,78,1,0,0,0
29,78,1,0,0,0
29,83,1,0,0,0
29,83,1,0,0,0
29,78,1,0,0,0
29,83,1,0,0,0
29,83,1,0,0,0
29,78,1,0,0,0
29,78,1,0,0,0
29,78,1,0,0,0
29,78,1,0,0,0
29,78,1,0,0,0
29,78,1,0,0,0
29,83,1,0,0,0
29,78,1,0,0,0
29,83,1,0,0,0
29,78,1,0,0,0
29,83,1,0,0,0
29,83,1,0,0,0
29,83,1,0,0,0
29,78,1,0,0,0
29,83,1,0,0,0
29,78,1,0,0,0
29,78,1,0,0,0
29,78,1,0,0,0
29,78,1,0,0,0
29,83,1,0,0,0
28,80,1,0,0,0
28,78,1,0,0,0
27,83,1,0,0,0
26,83,1,0,0,0
26,83,1,0,0,0
26,83,1,0,0,0
27,83,1,0,0,0
27,83,1,0,0,0
28,80,1,0,0,0
29,81,1,0,0,0
28,84,1,0,0,0
28,83,1,0,0,0
30,81,1,0,0,0
30,81,1,0,0,0
30,83,1,0,0,0
29,83,1,0,0,0
28,0,1,0,0,0
28,0,1,0,0,0
27,0,1,0,0,0
27,85,1,0,0,0
27,85,1,0,0,0
26,0,1,0,0,0
29,0,1,0,0,0
25,85,1,0,0,0
28,0,1,0,0,0
28,0,1,0,0,0
29,0,1,0,0,0
26,0,1,0,0,0
29,0,1,0,0,0
25,0,1,0,0,0
25,0,1,0,0,0
26,0,1,0,0,0
26,0,1,0,0,0
26,0,1,0,0,0
26,0,1,0,0,0
27,0,1,0,0,0
27,0,1,0,0,0
26,0,1,0,0,0
26,0,1,0,0,0
28,0,1,0,0,0
28,85,1,0,0,0
29,84,1,0,0,0
30,0,1,0,0,0
31,81,1,0,0,0
32,80,1,0,0,0
33,81,1,0,0,0
33,81,1,0,0,0
33,79,1,0,0,0
34,79,1,0,0,0
35,79,1,0,0,0
35,79,1,0,0,0
36,77,1,0,0,0
35,77,1,0,0,0
36,76,1,0,0,0
36,78,1,0,0,0
37,77,1,0,0,0
38,76,1,0,0,0
38,76,1,0,0,0
40,75,1,0,0,0
40,76,1,0,0,0
45,74,1,0,0,0
46,75,1,0,0,0
47,74,1,0,0,0
47,74,1,0,0,0
48,74,1,0,0,0
47,75,1,0,0,0
46,75,1,0,0,0
46,75,1,0,0,0
46,74,1,0,0,0
46,75,1,0,0,0
46,77,1,0,0,0
46,77,1,0,0,0
46,76,1,0,0,0
46,77,1,0,0,0
46,75,1,0,0,0
47,77,1,0,0,0
48,76,1,0,0,0
48,76,1,0,0,0
48,76,1,0,0,0
48,77,1,0,0,0
48,76,1,0,0,0
48,77,1,0,0,0
48,77,1,0,0,0
48,75,1,0,0,0
48,75,1,0,0,0
48,76,1,0,0,0
48,75,1,0,0,0
49,78,1,0,0,0
49,76,1,0,0,0
48,76,1,0,0,0
48,76,1,0,0,0
48,76,1,0,0,0
48,76,1,0,0,0
48,77,1,0,0,0
48,77,1,0,0,0
49,76,1,0,0,0
49,77,1,0,0,0
49,77,1,0,0,0
49,77,1,0,0,0
49,77,1,0,0,0
49,77,1,0,0,0
50,77,1,0,0,0
49,77,1,0,0,0
49,76,1,0,0,0
49,76,1,0,0,0
44,59,1,0,0,0
45,59,1,0,0,0
46,58,1,0,0,0
46,58,1,0,0,0
47,58,1,0,0,0
50,57,1,0,0,0
48,58,1,0,0,0
49,58,1,0,0,0
49,56,1,0,0,0
49,56,1,0,0,0
49,56,1,0,0,0
51,56,1,0,0,0
50,56,1,0,0,0
52,56,1,0,0,0
52,56,1,0,0,0
52,56,1,0,0,0
52,57,1,0,0,0
52,56,1,0,0,0
52,56,1,0,0,0
53,56,1,0,0,0
53,54,1,0,0,0
54,54,1,0,0,0
55,55,1,0,0,0
55,55,1,0,0,0
57,56,1,0,0,0
57,55,1,0,0,0
57,55,1,0,0,0
58,54,1,0,0,0
58,54,1,0,0,0
58,56,1,0,0,0
58,56,1,0,0,0
59,56,1,0,0,0
59,56,1,0,0,0
60,55,1,0,0,0
61,56,1,0,0,0
62,56,1,0,0,0
62,56,1,0,0,0
62,54,1,0,0,0
63,54,1,0,0,0
64,54,1,0,0,0
64,54,1,0,0,0
64,54,1,0,0,0
65,54,1,0,0,0
65,53,1,0,0,0
65,53,1,0,0,0
67,52,1,0,0,0
68,52,1,0,0,0
67,52,1,0,0,0
68,52,1,0,0,0
68,52,1,0,0,0
68,52,1,0,0,0
68,52,1,0,0,0
68,52,1,0,0,0
68,52,1,0,0,0
68,52,1,0,0,0
69,52,1,0,0,0
69,52,1,0,0,0
70,52,1,0,0,0
70,52,1,0,0,0
72,52,1,0,0,0
72,52,1,0,0,0
72,52,1,0,0,0
74,52,1,0,0,0
73,51,1,0,0,0
75,51,1,0,0,0
74,50,1,0,0,0
76,50,1,0,0,0
76,50,1,0,0,0
76,50,1,0,0,0
76,50,1,0,0,0
76,50,1,0,0,0
78,51,1,0,0,0
78,51,1,0,0,0
79,51,1,0,0,0
79,51,1,0,0,0
79,51,1,0,0,0
79,50,1,0,0,0
79,51,1,0,0,0
79,50,1,0,0,0
80,50,1,0,0,0
79,50,1,0,0,0
79,49,1,0,0,0
79,49,1,0,0,0
78,49,1,0,0,0
79,49,1,0,0,0
79,49,1,0,0,0
78,49,1,0,0,0
77,50,1,0,0,0
78,49,1,0,0,0
77,50,1,0,0,0
0,50,1,1,0,0
0,50,1,1,0,0
0,50,1,1,0,0
0,50,1,1,0,0
0,51,1,1,0,0
0,51,1,1,0,0
0,51,1,1,0,0
0,51,1,1,0,0
0,53,1,1,0,0
0,53,1,1,0,0
0,53,1,1,0,0
0,51,1,1,0,0
0,55,1,1,0,0
0,51,1,1,0,0
0,49,1,1,0,0
0,49,1,1,0,0
0,49,1,1,0,0
0,49,1,1,0,0
0,47,1,1,0,0
0,45,1,1,0,0
0,44,1,1,0,0
0,42,1,1,0,0
0,42,1,1,0,0
0,41,1,1,0,0
0,41,1,1,0,0
0,40,1,1,0,0
0,40,1,1,0,0
0,40,1,1,0,0
0,38,1,1,0,0
0,38,1,1,0,0
0,36,1,1,0,0
0,35,1,1,0,0
0,34,1,1,0,0
0,33,1,1,0,0
0,32,1,1,0,0
0,31,1,1,0,0
0,30,1,1,0,0
0,28,1,1,0,0
0,27,1,1,0,0
0,26,1,1,0,0
0,24,1,1,0,0
0,80,1,1,0,0
0,15,1,1,0,0
0,78,1,1,0,0
0,17,1,1,0,0
0,75,1,1,0,0
0,75,1,1,0,0
0,73,1,1,0,0
0,14,1,1,0,0
0,70,1,1,0,0
0,70,1,1,0,0
0,70,1,1,0,0
0,70,1,1,0,0
0,7,1,1,0,0
0,66,1,1,0,0
0,5,1,1,0,0
0,5,1,1,0,0
0,5,1,1,0,0
0,5,1,1,0,0
0,63,1,1,0,0
0,61,1,1,0,0
0,1,1,1,0,0
3,1,1,1,0,0
5,59,1,1,0,0
7,57,1,1,0,0
3,57,1,1,0,0
3,56,1,1,0,0
4,56,1,1,0,0
4,55,1,1,0,0
4,54,1,1,0,0
7,54,1,1,0,0
7,53,1,1,0,0
7,51,1,1,0,0
7,51,1,1,0,0
7,51,1,1,0,0
7,51,1,1,0,0
7,51,1,1,0,0
7,51,1,1,0,0
6,51,1,1,0,0
6,51,1,1,0,0
6,53,1,1,0,0
6,53,1,1,0,0
6,53,1,1,0,0
6,53,1,1,0,0
7,53,1,1,0,0
7,53,1,1,0,0
7,53,1,1,0,0
7,51,1,1,0,0
7,53,1,1,0,0
7,53,1,1,0,0
7,53,1,1,0,0
6,53,1,1,0,0
7,53,1,1,0,0
7,53,1,1,0,0
7,53,1,1,0,0
7,53,1,1,0,0
7,54,1,1,0,0
7,54,1,1,0,0
7,54,1,1,0,0
7,54,1,1,0,0
7,54,1,1,0,0
7,54,1,1,0,0
7,54,1,1,0,0
7,54,1,1,0,0
7,54,1,1,0,0
7,54,1,1,0,0
7,54,1,1,0,0
7,54,1,1,0,0
7,54,1,1,0,0
7,54,1,1,0,0
7,54,1,1,0,0
7,54,1,1,0,0
7,54,1,1,0,0
7,54,1,1,0,0
7,54,1,1,0,0
7,54,1,1,0,0
4,54,1,1,0,0
7,54,1,1,0,0
7,54,1,1,0,0
7,54,1,1,0,0
7,54,1,1,0,0
7,54,1,1,0,0
7,54,1,1,0,0
7,54,1,1,0,0
7,54,1,1,0,0
7,54,1,1,0,0
7,54,1,1,0,0
7,54,1,1,0,0
7,54,1,1,0,0
7,54,1,1,0,0
7,54,1,1,0,0
7,54,1,1,0,0
7,54,1,1,0,0
7,54,1,1,0,0
7,54,1,1,0,0
7,54,1,1,0,0
6,54,1,1,0,0
7,54,1,1,0,0
7,54,1,1,0,0
7,54,1,1,0,0
7,54,1,1,0,0
7,54,1,1,0,0
7,54,1,1,0,0
7,54,1,1,0,0
7,54,1,1,0,0
7,54,1,1,0,0
7,54,1,1,0,0
7,54,1,1,0,0
7,54,1,1,0,0
7,54,1,1,0,0
7,54,1,1,0,0
7,54,1,1,0,0
7,54,1,1,0,0
7,54,1,1,0,0
7,54,1,1,0,0
7,54,1,1,0,0
7,54,1,1,0,0
7,54,1,1,0,0
7,54,1,1,0,0
7,54,1,1,0,0
7,54,1,1,0,0
7,54,1,1,0,0
7,54,1,1,0,0
7,54,1,1,0,0
7,54,1,1,0,0
7,54,1,1,0,0
7,54,1,1,0,0
7,54,1,1,0,0
7,54,1,1,0,0
7,54,1,1,0,0
7,54,1,1,0,0
7,54,1,1,0,0
7,54,1,1,0,0
7,54,1,1,0,0
7,54,1,1,0,0
7,54,1,1,0,0
7,54,1,1,0,0
7,54,1,1,0,0
7,54,1,1,0,0
7,54,1,1,0,0
7,54,1,1,0,0
7,54,1,1,0,0
7,54,1,1,0,0
7,54,1,1,0,0
7,54,1,1,0,0
4,54,1,1,0,0
7,54,1,1,0,0
7,54,1,1,0,0
7,54,1,1,0,0
7,54,1,1,0,0
7,54,1,1,0,0
7,54,1,1,0,0
7,54,1,1,0,0
7,54,1,1,0,0
7,54,1,1,0,0
7,54,1,1,0,0
7,54,1,1,0,0
7,54,1,1,0,0
7,54,1,1,0,0
7,54,1,1,0,0
7,54,1,1,0,0
7,54,1,1,0,0
7,54,1,1,0,0
7,54,1,1,0,0
7,54,1,1,0,0
7,54,1,1,0,0
7,54,1,1,0,0
7,54,1,1,0,0
7,54,1,1,0,0
7,54,1,1,0,0
4,54,1,1,0,0
4,54,1,1,0,0
7,54,1,1,0,0
7,54,1,1,0,0
7,52,1,1,0,0
9,51,1,1,0,0
9,51,1,1,0,0
7,54,1,1,0,0
4,56,1,1,0,0
4,56,1,1,0,0
4,56,1,1,0,0
4,54,1,1,0,0
4,56,1,1,0,0
4,56,1,1,0,0
4,56,1,1,0,0
4,58,1,1,0,0
4,58,1,1,0,0
4,58,1,1,0,0
3,60,1,1,0,0
3,60,1,1,0,0
3,60,1,1,0,0
3,60,1,1,0,0
3,60,1,1,0,0
4,59,1,1,0,0
5,60,1,1,0,0
4,61,1,1,0,0
5,53,1,1,0,0
3,56,1,1,0,0
0,56,1,1,0,0
0,57,1,1,0,0
0,60,1,1,0,0
0,60,1,1,0,0
0,61,1,1,0,0
0,61,1,1,0,0
0,65,1,1,0,0
3,64,1,1,0,0
3,66,1,1,0,0
0,68,1,1,0,0
0,70,1,1,0,0
0,72,1,1,0,0
0,70,1,1,0,0
0,68,1,1,0,0
0,60,1,1,0,0
0,60,1,1,0,0
0,60,1,1,0,0
0,65,1,1,0,0
0,66,1,1,0,0
0,66,1,1,0,0
0,69,1,1,0,0
0,70,1,1,0,0
0,70,1,1,0,0
0,71,1,1,0,0
0,73,1,1,0,0
0,76,1,1,0,0
0,77,1,1,0,0
0,80,1,1,0,0
0,80,1,1,0,0
0,19,1,1,0,0
0,21,1,1,0,0
0,22,1,1,0,0
0,23,1,1,0,0
0,23,1,1,0,0
0,25,1,1,0,0
0,27,1,1,0,0
0,28,1,1,0,0
0,30,1,1,0,0
0,30,1,1,0,0
0,31,1,1,0,0
0,33,1,1,0,0
0,32,1,1,0,0
0,34,1,1,0,0
0,34,1,1,0,0
0,34,1,1,0,0
0,34,1,1,0,0
0,35,1,1,0,0
0,36,1,1,0,0
0,36,1,1,0,0
0,39,1,1,0,0
0,39,1,1,0,0
0,40,1,1,0,0
0,43,1,1,0,0
0,45,1,1,0,0
0,45,1,1,0,0
0,58,1,1,0,0
0,58,1,1,0,0
0,45,1,1,0,0
0,45,1,1,0,0
0,53,1,1,0,0
0,54,1,1,0,0
0,53,1,1,0,0
0,54,1,1,0,0
0,51,1,1,0,0
0,54,1,1,0,0
0,49,1,1,0,0
0,49,1,1,0,0
0,49,1,1,0,0
0,51,1,1,0,0
0,51,1,1,0,0
0,49,1,1,0,0
0,42,1,1,0,0
0,47,1,1,0,0
0,39,1,1,0,0
0,37,1,1,0,0
0,37,1,1,0,0
0,31,1,1,0,0
0,31,1,1,0,0
0,31,1,1,0,0
0,24,1,1,0,0
0,31,1,1,0,0
0,31,1,1,0,0
0,31,1,1,0,0
0,24,1,1,0,0
0,20,1,1,0,0
0,24,1,1,0,0
0,19,1,1,0,0
0,17,1,1,0,0
0,17,1,1,0,0
0,19,1,1,0,0
0,20,1,1,0,0
0,19,1,1,0,0
0,80,1,1,0,0
0,23,1,1,0,0
0,25,1,1,0,0
0,25,1,1,0,0
0,27,1,1,0,0
0,27,1,1,0,0
0,27,1,1,0,0
0,27,1,1,0,0
0,29,1,1,0,0
0,29,1,1,0,0
0,29,1,1,0,0
0,29,1,1,0,0
0,29,1,1,0,0
0,29,1,1,0,0
0,29,1,1,0,0
0,29,1,1,0,0
0,29,1,1,0,0
0,28,1,1,0,0
0,30,1,1,0,0
0,30,1,1,0,0
0,32,1,1,0,0
0,34,1,1,0,0
0,35,1,1,0,0
0,35,1,1,0,0
0,35,1,1,0,0
0,38,1,1,0,0
0,39,1,1,0,0
0,39,1,1,0,0
0,39,1,1,0,0
0,41,1,1,0,0
0,41,1,1,0,0
0,42,1,1,0,0
0,43,1,1,0,0
0,44,1,1,0,0
0,47,1,1,0,0
0,47,1,1,0,0
0,48,1,1,0,0
0,48,1,1,0,0
0,49,1,1,0,0
0,49,1,1,0,0
0,49,1,1,0,0
0,49,1,1,0,0
0,49,1,1,0,0
0,49,1,1,0,0
0,48,1,1,0,0
0,50,1,1,0,0
0,50,1,1,0,0
0,50,1,1,0,0
0,50,1,1,0,0
0,49,1,1,0,0
0,49,1,1,0,0
0,49,1,1,0,0
0,50,1,1,0,0
0,50,1,1,0,0
0,50,1,1,0,0
0,55,1,1,0,0
0,55,1,1,0,0
0,56,1,1,0,0
0,56,1,1,0,0
0,57,1,1,0,0
0,59,1,1,0,0
0,59,1,1,0,0
0,60,1,1,0,0
0,60,1,1,0,0
0,60,1,1,0,0
0,60,1,1,0,0
0,55,1,1,0,0
0,60,1,1,0,0
0,61,1,1,0,0
0,60,1,1,0,0
0,58,1,1,0,0
0,57,1,1,0,0
0,54,1,1,0,0
0,50,1,1,0,0
0,51,1,1,0,0
0,53,1,1,0,0
0,51,1,1,0,0
0,53,1,1,0,0
0,53,1,1,0,0
0,54,1,1,0,0
0,54,1,1,0,0
0,54,1,1,0,0
0,53,1,1,0,0
0,55,1,1,0,0
0,54,1,1,0,0
0,55,1,1,0,0
0,54,1,1,0,0
0,53,1,1,0,0
0,54,1,1,0,0
0,54,1,1,0,0
0,51,1,1,0,0
0,54,1,1,0,0
0,54,1,1,0,0
0,54,1,1,0,0
0,54,1,1,0,0
0,54,1,1,0,0
0,54,1,1,0,0
0,54,1,1,0,0
0,54,1,1,0,0
0,54,1,1,0,0
0,54,1,1,0,0
0,54,1,1,0,0
0,54,1,1,0,0
0,54,1,1,0,0
0,54,1,1,0,0
0,54,1,1,0,0
0,54,1,1,0,0
0,54,1,1,0,0
0,51,1,1,0,0
0,53,1,1,0,0
0,51,1,1,0,0
0,51,1,1,0,0
0,51,1,1,0,0
0,49,1,1,0,0
0,49,1,1,0,0
0,48,1,1,0,0
0,48,1,1,0,0
0,48,1,1,0,0
0,48,1,1,0,0
0,49,1,1,0,0
0,46,1,1,0,0
0,48,1,1,0,0
0,49,1,1,0,0
0,49,1,1,0,0
0,49,1,1,0,0
0,48,1,1,0,0
0,48,1,1,0,0
0,48,1,1,0,0
0,48,1,1,0,0
0,48,1,1,0,0
0,48,1,1,0,0
0,48,1,1,0,0
0,48,1,1,0,0
0,48,1,1,0,0
0,48,1,1,0,0
0,49,1,1,0,0
0,49,1,1,0,0
0,51,1,1,0,0
0,51,1,1,0,0
0,49,1,1,0,0
0,50,1,1,0,0
0,51,1,1,0,0
0,51,1,1,0,0
0,51,1,1,0,0
0,49,1,1,0,0
0,50,1,1,0,0
0,49,1,1,0,0
0,55,1,1,0,0
0,49,1,1,0,0
0,49,1,1,0,0
0,51,1,1,0,0
0,49,1,1,0,0
0,51,1,1,0,0
0,49,1,1,0,0
0,50,1,1,0,0
0,50,1,1,0,0
0,50,1,1,0,0
0,50,1,1,0,0
0,49,1,1,0,0
0,51,1,1,0,0
0,49,1,1,0,0
0,50,1,1,0,0
0,49,1,1,0,0
0,50,1,1,0,0
0,50,1,1,0,0
0,50,1,1,0,0
0,50,1,1,0,0
0,50,1,1,0,0
0,49,1,1,0,0
0,50,1,1,0,0
0,49,1,1,0,0
0,51,1,1,0,0
0,51,1,1,0,0
0,51,1,1,0,0
0,50,1,1,0,0
0,51,1,1,0,0
0,50,1,1,0,0
0,50,1,1,0,0
0,51,1,1,0,0
0,50,1,1,0,0
0,50,1,1,0,0
0,49,1,1,0,0
0,49,1,1,0,0
0,49,1,1,0,0
0,50,1,1,0,0
0,51,1,1,0,0
0,50,1,1,0,0
0,50,1,1,0,0
0,50,1,1,0,0
0,50,1,1,0,0
0,50,1,1,0,0
0,50,1,1,0,0
0,50,1,1,0,0
0,50,1,1,0,0
0,50,1,1,0,0
0,50,1,1,0,0
0,50,1,1,0,0
0,50,1,1,0,0
0,51,1,1,0,0
0,51,1,1,0,0
0,51,1,1,0,0
0,50,1,1,0,0
0,51,1,1,0,0
0,50,1,1,0,0
0,50,1,1,0,0
0,50,1,1,0,0
0,50,1,1,0,0
0,51,1,1,0,0
0,51,1,1,0,0
0,50,1,1,0,0
0,50,1,1,0,0
0,50,1,1,0,0
0,50,1,1,0,0
0,50,1,1,0,0
0,50,1,1,0,0
0,50,1,1,0,0
0,50,1,1,0,0
0,50,1,1,0,0
0,50,1,1,0,0
0,50,1,1,0,0
0,50,1,1,0,0
0,50,1,1,0,0
0,50,1,1,0,0
0,50,1,1,0,0
0,49,1,1,0,0
0,51,1,1,0,0
0,49,1,1,0,0
0,49,1,1,0,0
0,49,1,1,0,0
0,49,1,1,0,0
0,49,1,1,0,0
0,49,1,1,0,0
0,49,1,1,0,0
0,48,1,1,0,0
0,47,1,1,0,0
0,47,1,1,0,0
0,47,1,1,0,0
0,47,1,1,0,0
0,48,1,1,0,0
0,48,1,1,0,0
0,46,1,1,0,0
0,49,1,1,0,0
0,48,1,1,0,0
0,55,1,1,0,0
0,51,1,1,0,0
0,49,1,1,0,0
0,51,1,1,0,0
0,49,1,1,0,0
0,49,1,1,0,0
0,49,1,1,0,0
0,48,1,1,0,0
0,49,1,1,0,0
0,49,1,1,0,0
0,50,1,1,0,0
0,50,1,1,0,0
0,57,1,1,0,0
0,57,1,1,0,0
0,52,1,1,0,0
0,49,1,1,0,0
0,53,1,1,0,0
0,50,1,1,0,0
0,53,1,1,0,0
0,51,1,1,0,0
0,56,1,1,0,0
0,49,1,1,0,0
0,51,1,1,0,0
0,57,1,1,0,0
0,57,1,1,0,0
0,57,1,1,0,0
0,57,1,1,0,0
0,57,1,1,0,0
0,57,1,1,0,0
0,47,1,1,0,0
0,53,1,1,0,0
0,44,1,1,0,0
0,42,1,1,0,0
0,44,1,1,0,0
0,42,1,1,0,0
0,42,1,1,0,0
0,42,1,1,0,0
0,42,1,1,0,0
0,42,1,1,0,0
0,42,1,1,0,0
0,42,1,1,0,0
0,42,1,1,0,0
0,42,1,1,0,0
0,40,1,1,0,0
0,42,1,1,0,0
0,42,1,1,0,0
0,41,1,1,0,0
0,46,1,1,0,0
0,42,1,1,0,0
0,42,1,1,0,0
0,42,1,1,0,0
0,42,1,1,0,0
0,42,1,1,0,0
0,44,1,1,0,0
0,45,1,1,0,0
0,45,1,1,0,0
0,47,1,1,0,0
0,51,1,1,0,0
0,49,1,1,0,0
0,49,1,1,0,0
0,49,1,1,0,0
0,50,1,1,0,0
0,50,1,1,0,0
0,50,1,1,0,0
0,48,1,1,0,0
0,54,1,1,0,0
0,53,1,1,0,0
0,54,1,1,0,0
0,54,1,1,0,0
0,54,1,1,0,0
0,54,1,1,0,0
72,54,1,1,0,0
0,54,1,1,0,0
0,54,1,1,0,0
0,32,1,1,0,0
0,54,1,1,0,0
73,34,1,1,0,0
73,34,1,1,0,0
0,35,1,1,0,0
0,37,1,1,0,0
0,34,1,1,0,0
0,35,1,1,0,0
0,36,1,1,0,0
72,36,1,1,0,0
72,36,1,1,0,0
72,38,1,1,0,0
72,36,1,1,0,0
72,39,1,1,0,0
72,39,1,1,0,0
0,38,1,1,0,0
71,39,1,1,0,0
0,39,1,1,0,0
0,39,1,1,0,0
0,39,1,1,0,0
0,37,1,1,0,0
0,38,1,1,0,0
0,39,1,1,0,0
0,42,1,1,0,0
0,39,1,1,0,0
0,41,1,1,0,0
0,42,1,1,0,0
0,42,1,1,0,0
0,44,1,1,0,0
0,44,1,1,0,0
0,42,1,1,0,0
0,42,1,1,0,0
0,43,1,1,0,0
0,43,1,1,0,0
0,42,1,1,0,0
0,43,1,1,0,0
0,45,1,1,0,0
0,51,1,1,0,0
0,52,1,1,0,0
0,52,1,1,0,0
0,53,1,1,0,0
0,55,1,1,0,0
0,55,1,1,0,0
0,55,1,1,0,0
0,55,1,1,0,0
0,55,1,1,0,0
0,56,1,1,0,0
0,56,1,1,0,0
0,58,1,1,0,0
0,58,1,1,0,0
0,59,1,1,0,0
0,60,1,1,0,0
0,61,1,1,0,0
0,61,1,1,0,0
0,64,1,1,0,0
0,64,1,1,0,0
0,64,1,1,0,0
0,64,1,1,0,0
0,66,1,1,0,0
0,66,1,1,0,0
0,68,1,1,0,0
0,69,1,1,0,0
0,69,1,1,0,0
0,69,1,1,0,0
0,71,1,1,0,0
0,71,1,1,0,0
0,71,1,1,0,0
0,71,1,1,0,0
0,73,1,1,0,0
0,74,1,1,0,0
0,74,1,1,0,0
0,76,1,1,0,0
0,77,1,1,0,0
0,77,1,1,0,0
0,79,1,1,0,0
0,79,1,1,0,0
0,81,1,1,0,0
0,83,1,1,0,0
0,82,1,1,0,0
0,83,1,1,0,0
0,83,1,1,0,0
0,82,1,1,0,0
0,83,1,1,0,0
0,83,1,1,0,0
0,83,1,1,0,0
0,83,1,1,0,0
0,83,1,1,0,0
0,83,1,1,0,0
0,83,1,1,0,0
0,85,1,1,0,0
0,84,1,1,0,0
0,82,1,1,0,0
0,84,1,1,0,0
0,85,1,1,0,0
0,85,1,1,0,0
0,84,1,1,0,0
0,85,1,1,0,0
0,84,1,1,0,0
0,85,1,1,0,0
0,85,1,1,0,0
0,85,1,1,0,0
