-705,780,1, 0, 0, 0
-705,780,1, 0, 0, 0
-705,780,1, 0, 0, 0
-705,780,1, 0, 0, 0
-731,800,1, 0, 0, 0
-706,779,1, 0, 0, 0
-707,779,1, 0, 0, 0
-690,772,1, 0, 0, 0
-717,792,1, 0, 0, 0
-717,791,1, 0, 0, 0
-718,790,1, 0, 0, 0
-731,800,1, 0, 0, 0
-757,818,1, 0, 0, 0
-759,816,1, 0, 0, 0
-732,799,1, 0, 0, 0
-719,789,1, 0, 0, 0
-735,796,1, 0, 0, 0
-735,796,1, 0, 0, 0
-721,787,1, 0, 0, 0
-819,858,1, 0, 0, 0
-737,794,1, 0, 0, 0
-759,816,1, 0, 0, 0
-759,816,1, 0, 0, 0
-759,816,1, 0, 0, 0
-746,807,1, 0, 0, 0
-760,815,1, 0, 0, 0
-773,823,1, 0, 0, 0
-854,878,1, 0, 0, 0
-893,904,1, 0, 0, 0
-865,883,1, 0, 0, 0
-907,905,1, 0, 0, 0
-737,794,1, 0, 0, 0
-727,781,1, 0, 0, 0
-715,771,1, 0, 0, 0
-672,741,1, 0, 0, 0
-905,907,1, 1, 0, 0
-906,906,1, 1, 0, 0
-906,905,1, 1, 0, 0
-906,905,1, 1, 0, 0
-907,905,1, 1, 0, 0
-907,905,1, 1, 0, 0
-907,905,1, 1, 0, 0
-907,905,1, 1, 0, 0
-848,865,1, 1, 0, 0
-907,904,1, 1, 0, 0
-907,905,1, 1, 0, 0
-907,905,1, 1, 0, 0
-906,906,1, 1, 0, 0
-905,907,1, 1, 0, 0
-905,907,1, 1, 0, 0
-904,907,1, 1, 0, 0
-904,908,1, 1, 0, 0
-894,902,1, 1, 0, 0
-912,900,1, 1, 0, 0
-910,901,1, 1, 0, 0
-910,902,1, 1, 0, 0
-909,902,1, 1, 0, 0
-910,902,1, 1, 0, 0
-909,902,1, 1, 0, 0
-900,897,1, 1, 0, 0
-908,904,1, 1, 0, 0
-888,893,1, 1, 0, 0
-906,906,1, 1, 0, 0
-904,907,1, 1, 0, 0
-905,907,1, 1, 0, 0
-903,909,1, 1, 0, 0
-902,910,1, 1, 0, 0
-901,911,1, 1, 0, 0
-901,911,1, 1, 0, 0
-899,912,1, 1, 0, 0
-900,912,1, 1, 0, 0
-900,912,1, 1, 0, 0
-901,911,1, 1, 0, 0
-904,908,1, 1, 0, 0
-896,900,1, 1, 0, 0
-907,904,1, 1, 0, 0
-909,902,1, 1, 0, 0
-910,901,1, 1, 0, 0
-910,902,1, 1, 0, 0
-910,901,1, 1, 0, 0
-907,904,1, 1, 0, 0
-907,904,1, 1, 0, 0
-907,904,1, 1, 0, 0
-900,911,1, 1, 0, 0
-899,912,1, 1, 0, 0
-899,913,1, 1, 0, 0
-898,913,1, 1, 0, 0
-898,914,1, 1, 0, 0
-731,777,1, 0, 0, 0
-768,807,1, 0, 0, 0
-717,768,1, 0, 0, 0
-745,786,1, 0, 0, 0
-758,796,1, 0, 0, 0
-758,796,1, 0, 0, 0
-758,796,1, 0, 0, 0
-706,755,1, 0, 0, 0
-849,883,1, 0, 0, 0
-859,889,1, 0, 0, 0
-898,914,1, 1, 0, 0
-889,907,1, 1, 0, 0
-890,907,1, 1, 0, 0
-880,901,1, 1, 0, 0
-880,901,1, 1, 0, 0
-870,895,1, 1, 0, 0
-879,902,1, 1, 0, 0
-838,876,1, 1, 0, 0
-680,733,1, 0, 0, 0
-553,649,1, 0, 0, 0
-684,754,1, 0, 0, 0
0,0,0, 0, 0, 0
0,0,0, 0, 0, 0
0,0,0, 0, 0, 0
0,0,0, 0, 0, 0
0,0,0, 0, 0, 0
0,0,0, 0, 0, 0