323,865,1,0,0,0
323,865,1,0,0,0
323,865,1,0,0,0
340,865,1,0,0,0
340,865,1,0,0,0
323,865,1,0,0,0
323,865,1,0,0,0
323,865,1,0,0,0
323,865,1,0,0,0
340,865,1,0,0,0
340,865,1,0,0,0
324,865,1,0,0,0
324,865,1,0,0,0
324,865,1,0,0,0
324,865,1,0,0,0
341,902,1,0,0,0
341,902,1,0,0,0
325,890,1,0,0,0
326,878,1,0,0,0
343,878,1,0,0,0
327,891,1,0,0,0
345,891,1,0,0,0
329,915,1,0,0,0
330,868,1,0,0,0
348,868,1,0,0,0
350,855,1,0,0,0
384,878,1,0,0,0
434,879,1,0,0,0
467,868,1,0,0,0
531,868,1,0,0,0
532,857,1,0,0,0
563,871,1,0,0,0
532,872,1,0,0,0
564,850,1,0,0,0
0,813,1,1,0,0
0,786,1,1,0,0
0,760,1,1,0,0
0,776,1,1,0,0
0,991,1,1,0,0
0,992,1,1,0,0
0,975,1,1,0,0
0,976,1,1,0,0
0,987,1,1,0,0
0,999,1,1,0,0
0,990,1,1,0,0
0,959,1,1,0,0
0,969,1,1,0,0
0,958,1,1,0,0
0,761,1,1,0,0
0,993,1,1,0,0
0,992,1,1,0,0
0,993,1,1,0,0
0,993,1,1,0,0
0,993,1,1,0,0
0,992,1,1,0,0
0,992,1,1,0,0
0,990,1,1,0,0
0,988,1,1,0,0
0,978,1,1,0,0
0,971,1,1,0,0
0,951,1,1,0,0
0,922,1,1,0,0
0,891,1,1,0,0
0,789,1,1,0,0
0,829,1,1,0,0
0,0,0,0,0,0
0,0,0,0,0,0
0,0,0,0,0,0
0,0,0,0,0,0
0,0,0,0,0,0