-759,816,1,0,0,0
-759,816,1,0,0,0
-731,800,1,0,0,0
-731,800,1,0,0,0
-733,798,1,0,0,0
-746,807,1,0,0,0
-730,801,1,0,0,0
-757,818,1,0,0,0
-745,809,1,0,0,0
-784,833,1,0,0,0
-834,861,1,0,0,0
-770,826,1,0,0,0
-774,822,1,0,0,0
-733,798,1,0,0,0
-749,804,1,0,0,0
-759,816,1,0,0,0
-746,807,1,0,0,0
-759,816,1,0,0,0
-759,816,1,0,0,0
-760,815,1,0,0,0
-773,823,1,0,0,0
-748,806,1,0,0,0
-761,814,1,0,0,0
-749,804,1,0,0,0
-845,869,1,0,0,0
-739,793,1,0,0,0
-767,808,1,0,0,0
-716,769,1,0,0,0
-673,740,1,0,0,0
-905,907,1,1,0,0
-905,907,1,1,0,0
-905,907,1,1,0,0
-896,900,1,1,0,0
-905,906,1,1,0,0
-906,906,1,1,0,0
-906,906,1,1,0,0
-897,900,1,1,0,0
-906,906,1,1,0,0
-899,897,1,1,0,0
-891,891,1,1,0,0
-890,891,1,1,0,0
-881,884,1,1,0,0
-905,907,1,1,0,0
-904,907,1,1,0,0
-904,907,1,1,0,0
-903,908,1,1,0,0
-902,909,1,1,0,0
-909,902,1,1,0,0
-907,904,1,1,0,0
-907,905,1,1,0,0
-905,906,1,1,0,0
-894,902,1,1,0,0
-903,908,1,1,0,0
-903,908,1,1,0,0
-903,908,1,1,0,0
-904,907,1,1,0,0
-904,907,1,1,0,0
-904,907,1,1,0,0
-904,908,1,1,0,0
-903,909,1,1,0,0
-902,909,1,1,0,0
-902,909,1,1,0,0
-902,910,1,1,0,0
-902,910,1,1,0,0
-900,911,1,1,0,0
-891,906,1,1,0,0
-899,913,1,1,0,0
-899,912,1,1,0,0
-899,912,1,1,0,0
0,0,0,0,0,0
0,0,0,0,0,0
0,0,0,0,0,0
0,0,0,0,0,0
0,0,0,0,0,0