476,804,1,0,0,0
476,804,1,0,0,0
491,759,1,0,0,0
537,775,1,0,0,0
474,760,1,0,0,0
491,775,1,0,0,0
456,742,1,0,0,0
454,800,1,0,0,0
452,756,1,0,0,0
451,739,1,0,0,0
435,739,1,0,0,0
435,739,1,0,0,0
435,739,1,0,0,0
435,739,1,0,0,0
435,739,1,0,0,0
435,739,1,0,0,0
435,739,1,0,0,0
435,739,1,0,0,0
435,739,1,0,0,0
435,739,1,0,0,0
435,739,1,0,0,0
435,739,1,0,0,0
435,739,1,0,0,0
435,739,1,0,0,0
435,739,1,0,0,0
468,742,1,0,0,0
468,758,1,0,0,0
452,758,1,0,0,0
452,742,1,0,0,0
452,726,1,0,0,0
419,741,1,0,0,0
451,742,1,0,0,0
392,0,1,0,0,0
392,0,1,0,0,0
392,0,1,0,0,0
392,0,1,0,0,0
392,0,1,0,0,0
392,0,1,0,0,0
392,0,1,0,0,0
302,0,1,0,1,0
302,0,1,0,1,0
302,0,1,0,1,0
737,0,1,0,1,0
303,0,1,0,1,0
697,0,1,0,1,0
698,0,1,0,1,0
711,0,1,0,1,0
698,0,1,0,1,0
699,0,1,0,1,0
753,0,1,0,1,0
714,0,1,0,1,0
702,0,1,0,1,0
850,0,1,0,1,0
907,837,1,0,1,0
936,895,1,0,1,0
926,870,1,0,1,0
904,857,1,0,1,0
904,818,1,0,1,0
870,777,1,0,1,0
846,734,1,0,1,0
821,703,1,0,1,0
808,641,1,0,1,0
794,544,1,0,1,0
727,0,1,0,1,0
725,926,1,0,1,0
738,0,1,0,1,0
0,945,1,0,1,0
0,943,1,0,1,0
0,942,1,0,1,0
0,931,1,0,1,0
0,908,1,0,1,0
0,848,1,0,1,0
0,780,1,0,1,0
0,676,1,0,1,0
0,688,1,0,1,0
0,995,1,0,1,0
0,698,1,0,1,0
0,705,1,0,1,0
573,301,1,0,1,0
588,334,1,0,1,0
588,301,1,0,1,0
588,300,1,0,1,0
589,301,1,0,1,0
592,286,1,0,0,0
406,642,1,0,0,0
392,645,1,0,0,0
393,612,1,0,0,0
378,629,1,0,0,0
378,612,1,0,0,0
394,629,1,0,0,0
378,629,1,0,0,0
379,630,1,0,0,0
380,615,1,0,0,0
364,615,1,0,0,0
382,616,1,0,0,0
383,617,1,0,0,0
417,798,1,0,0,0
455,568,1,0,0,0
455,568,1,0,0,0
455,768,1,0,0,0
455,768,1,0,0,0
455,768,1,0,0,0
458,798,1,0,0,0
458,798,1,0,0,0
476,812,1,0,0,0
604,783,1,0,0,0
604,798,1,0,0,0
620,878,1,0,0,0
621,878,1,0,0,0
577,607,1,0,0,0
605,623,1,0,0,0
590,607,1,0,0,0
605,607,1,0,0,0
606,625,1,0,0,0
0,0,0,0,0,0
0,0,0,0,0,0
0,0,0,0,0,0
0,0,0,0,0,0