40,68,1,0,0
40,68,1,0,0
40,68,1,0,0
40,68,1,0,0
40,68,1,0,0
40,68,1,0,0
40,68,1,0,0
40,68,1,0,0
40,68,1,0,0
40,68,1,0,0
40,68,1,0,0
40,68,1,0,0
40,68,1,0,0
40,68,1,0,0
40,68,1,0,0
40,68,1,0,0
40,68,1,0,0
40,68,1,0,0
37,68,1,0,0
38,68,1,0,0
42,68,1,0,0
42,68,1,0,0
48,73,1,0,0
-1,73,1,0,0
44,70,1,0,0
42,73,1,0,0
44,69,1,0,0
43,69,1,0,0
46,69,1,0,0
43,73,1,0,0
44,71,1,0,0
44,70,1,0,0
46,73,1,0,0
46,68,1,0,0
47,73,1,0,0
49,67,1,0,0
37,64,1,0,0
48,63,1,0,0
47,61,1,0,0
38,62,1,0,0
39,62,1,0,0
39,60,1,0,0
39,62,1,0,0
38,59,1,0,0
41,59,1,0,0
40,58,1,0,0
48,59,1,0,0
41,59,1,0,0
48,60,1,0,0
49,59,1,0,0
49,59,1,0,0
45,59,1,0,0
45,58,1,0,0
45,57,1,0,0
46,61,1,0,0
46,59,1,0,0
46,58,1,0,0
45,60,1,0,0
43,63,1,0,0
45,62,1,0,0
41,65,1,0,0
43,65,1,0,0
42,66,1,0,0
41,70,1,0,0
41,71,1,0,0
38,72,1,0,0
40,72,1,0,0
39,73,1,0,0
39,73,1,0,0
39,73,1,0,0
39,69,1,0,0
39,75,1,0,0
39,75,1,0,0
39,75,1,0,0
38,-1,1,0,0
37,69,1,0,0
36,-1,1,0,0
36,-1,1,0,0
36,-1,1,0,0
35,-1,1,0,0
34,-1,1,0,0
36,-1,1,0,0
36,-1,1,0,0
36,-1,1,0,0
35,-1,1,0,0
36,-1,1,0,0
36,-1,1,0,0
37,-1,1,0,0
37,-1,1,0,0
37,-1,1,0,0
38,69,1,0,0
39,69,1,0,0
40,69,1,0,0
40,73,1,0,0
40,73,1,0,0
40,73,1,0,0
40,73,1,0,0
40,73,1,0,0
40,73,1,0,0
40,73,1,0,0
39,73,1,0,0
40,73,1,0,0
39,73,1,0,0
40,73,1,0,0
40,73,1,0,0
39,73,1,0,0
40,73,1,0,0
40,73,1,0,0
39,73,1,0,0
39,73,1,0,0
39,73,1,0,0
40,73,1,0,0
39,73,1,0,0
40,73,1,0,0
39,73,1,0,0
40,73,1,0,0
39,73,1,0,0
40,73,1,0,0
40,66,1,0,0
39,73,1,0,0
40,73,1,0,0
40,73,1,0,0
40,73,1,0,0
40,73,1,0,0
39,73,1,0,0
39,73,1,0,0
40,73,1,0,0
40,73,1,0,0
40,73,1,0,0
39,73,1,0,0
39,73,1,0,0
40,73,1,0,0
40,73,1,0,0
40,73,1,0,0
40,73,1,0,0
40,73,1,0,0
40,73,1,0,0
40,73,1,0,0
40,73,1,0,0
40,73,1,0,0
40,73,1,0,0
40,73,1,0,0
41,73,1,0,0
42,65,1,0,0
42,73,1,0,0
42,65,1,0,0
43,65,1,0,0
43,65,1,0,0
43,-1,1,0,0
45,63,1,0,0
-1,63,1,0,0
-1,63,1,0,0
47,63,1,0,0
48,63,1,0,0
48,63,1,0,0
49,63,1,0,0
-1,63,1,0,0
-1,63,1,0,0
-1,63,1,0,0
-1,59,1,0,0
-1,-1,1,0,0
-1,59,1,0,0
-1,59,1,0,0
-1,59,1,0,0
-1,-1,1,0,0
-1,55,1,0,0
-1,55,1,0,0
-1,-1,1,0,0
-1,-1,1,0,0
-1,52,1,0,0
-1,53,1,0,0
-1,51,1,0,0
-1,53,1,0,0
-1,53,1,0,0
-1,51,1,0,0
-1,51,1,0,0
-1,-1,1,0,0
-1,50,1,0,0
-1,49,1,0,0
-1,49,1,0,0